0 934 441 0 
0 895 538 0 
0 815 114 0 
0 784 864 0 
0 188 503 0 
1 855 324 0 
1 829 507 0 
1 766 633 0 
1 365 383 0 
1 279 426 0 
1 194 423 0 
2 899 306 0 
2 627 414 0 
2 444 440 0 
2 411 646 0 
3 682 845 0 
3 551 465 0 
3 505 131 0 
3 483 739 0 
3 381 933 0 
3 374 749 0 
3 260 276 0 
4 640 384 0 
4 539 356 0 
4 429 541 0 
4 219 828 0 
4 139 825 0 
5 630 130 0 
5 626 422 0 
5 535 821 0 
5 485 790 0 
5 458 714 0 
5 32 404 0 
6 750 946 0 
6 665 570 0 
6 662 573 0 
6 634 592 0 
6 505 347 0 
6 244 528 0 
7 933 483 0 
7 674 487 0 
7 671 769 0 
7 643 482 0 
7 544 517 0 
7 479 446 0 
7 224 221 0 
7 101 519 0 
8 939 530 0 
8 791 812 0 
8 371 1044 0 
8 290 658 0 
8 250 577 0 
8 223 205 0 
8 217 916 0 
9 997 674 0 
9 760 498 0 
9 737 202 0 
9 587 486 0 
9 336 267 0 
9 271 348 0 
9 214 216 0 
9 198 311 0 
9 35 545 0 
10 942 666 0 
10 639 431 0 
10 614 310 0 
10 267 616 0 
11 967 296 0 
11 953 121 0 
11 856 513 0 
11 815 1017 0 
11 438 444 0 
11 310 312 0 
11 236 504 0 
11 140 943 0 
12 955 584 0 
12 553 757 0 
12 371 249 0 
12 279 425 0 
12 144 797 0 
12 24 608 0 
13 737 253 0 
13 573 470 0 
13 486 460 0 
13 478 236 0 
13 301 421 0 
14 727 591 0 
14 704 326 0 
14 556 553 0 
15 975 681 0 
15 885 320 0 
15 713 14 0 
15 391 411 0 
16 880 314 0 
16 335 670 0 
16 189 471 0 
17 855 294 0 
17 835 750 0 
17 618 112 0 
17 584 673 0 
17 506 330 0 
17 87 180 0 
18 878 333 0 
18 803 598 0 
18 570 553 0 
18 468 337 0 
18 282 702 0 
18 148 670 0 
18 134 348 0 
19 968 548 0 
19 943 409 0 
19 887 697 0 
19 866 813 0 
19 854 741 0 
19 724 430 0 
19 705 947 0 
19 395 628 0 
19 129 620 0 
20 184 245 0 
21 938 413 0 
21 414 552 0 
21 410 486 0 
21 137 352 0 
22 863 511 0 
22 624 744 0 
22 401 665 0 
22 357 536 0 
22 295 689 0 
22 186 664 0 
22 41 709 0 
23 948 775 0 
23 776 590 0 
23 762 175 0 
23 57 363 0 
24 979 390 0 
24 556 519 0 
24 531 459 0 
24 49 33 0 
25 912 431 0 
25 680 163 0 
25 607 535 0 
25 449 253 0 
25 419 729 0 
25 213 378 0 
25 157 752 0 
26 983 196 0 
26 875 509 0 
26 484 900 0 
26 242 547 0 
26 48 517 0 
27 961 760 0 
27 612 943 0 
27 401 915 0 
27 347 414 0 
28 124 673 0 
29 959 679 0 
29 911 344 0 
29 815 731 0 
29 742 454 0 
29 741 183 0 
29 588 423 0 
29 353 519 0 
29 302 697 0 
29 286 840 0 
29 283 514 0 
29 255 315 0 
29 128 284 0 
30 998 762 0 
30 924 110 0 
30 720 593 0 
30 403 569 0 
30 130 320 0 
31 961 1099 0 
31 940 762 0 
31 808 678 0 
31 788 744 0 
31 507 1051 0 
31 445 928 0 
31 251 761 0 
31 197 1063 0 
31 61 498 0 
32 996 178 0 
32 609 719 0 
32 583 465 0 
32 349 498 0 
32 278 520 0 
33 956 500 0 
33 692 83 0 
33 416 330 0 
33 257 849 0 
34 745 401 0 
34 660 419 0 
34 605 745 0 
34 257 390 0 
35 960 381 0 
35 907 848 0 
36 882 555 0 
36 875 227 0 
36 602 493 0 
36 486 955 0 
36 373 587 0 
36 322 564 0 
37 852 370 0 
37 722 266 0 
37 201 279 0 
37 167 99 0 
38 861 895 0 
38 825 376 0 
38 641 382 0 
38 607 694 0 
38 587 921 0 
38 506 1024 0 
38 141 916 0 
38 133 906 0 
38 99 338 0 
39 862 562 0 
39 783 830 0 
39 530 229 0 
39 407 66 0 
39 303 146 0 
39 225 569 0 
39 134 541 0 
40 994 815 0 
40 643 791 0 
40 327 824 0 
40 261 695 0 
40 201 678 0 
40 160 590 0 
40 146 916 0 
40 109 308 0 
41 451 821 0 
42 689 411 0 
42 532 306 0 
42 428 561 0 
42 375 294 0 
42 252 893 0 
42 234 615 0 
42 50 615 0 
43 981 294 0 
43 787 388 0 
43 748 655 0 
43 588 817 0 
43 451 814 0 
43 424 439 0 
43 215 463 0 
43 83 357 0 
44 873 496 0 
44 820 212 0 
44 312 730 0 
44 51 458 0 
45 954 219 0 
45 547 977 0 
45 401 608 0 
45 305 732 0 
45 132 461 0 
46 905 393 0 
46 389 187 0 
46 379 312 0 
46 309 292 0 
47 481 132 0 
47 479 315 0 
47 107 871 0 
48 499 693 0 
48 385 302 0 
49 935 476 0 
49 869 358 0 
49 853 236 0 
49 834 486 0 
49 573 311 0 
49 549 217 0 
49 509 389 0 
49 477 615 0 
49 418 409 0 
49 147 479 0 
49 125 409 0 
50 897 789 0 
50 526 955 0 
50 336 389 0 
51 896 181 0 
51 575 331 0 
51 559 490 0 
51 467 845 0 
51 56 496 0 
52 923 132 0 
52 689 356 0 
52 577 453 0 
52 531 521 0 
52 494 598 0 
52 394 197 0 
52 216 701 0 
53 956 338 0 
53 665 555 0 
53 621 599 0 
53 586 152 0 
53 491 262 0 
53 396 283 0 
53 167 71 0 
54 798 551 0 
54 748 165 0 
54 739 261 0 
54 640 625 0 
54 633 282 0 
54 140 211 0 
55 641 740 0 
55 549 573 0 
55 503 902 0 
56 891 151 0 
56 837 617 0 
56 630 549 0 
56 507 621 0 
56 381 214 0 
56 319 526 0 
57 932 696 0 
57 332 431 0 
57 175 680 0 
57 149 764 0 
57 146 692 0 
57 118 456 0 
58 645 308 0 
58 447 708 0 
58 416 762 0 
58 141 502 0 
58 116 283 0 
59 884 819 0 
59 821 428 0 
59 551 676 0 
59 317 558 0 
59 209 283 0 
60 880 198 0 
60 825 610 0 
60 683 543 0 
60 561 482 0 
60 547 780 0 
60 496 730 0 
60 165 641 0 
61 667 858 0 
61 654 812 0 
61 639 613 0 
61 342 117 0 
61 302 147 0 
62 973 518 0 
62 895 435 0 
62 636 277 0 
62 564 853 0 
62 335 628 0 
63 759 836 0 
63 751 353 0 
63 514 951 0 
63 295 964 0 
64 762 358 0 
64 716 967 0 
64 601 850 0 
64 234 634 0 
64 117 976 0 
65 992 440 0 
65 836 591 0 
65 800 901 0 
65 752 770 0 
65 594 681 0 
65 309 788 0 
65 301 207 0 
65 225 156 0 
66 438 485 0 
66 330 429 0 
66 261 299 0 
66 225 305 0 
66 89 198 0 
67 908 544 0 
67 874 583 0 
67 740 378 0 
67 416 770 0 
67 383 591 0 
67 249 36 0 
68 930 205 0 
68 564 663 0 
68 359 689 0 
69 886 208 0 
69 267 509 0 
69 210 249 0 
69 131 651 0 
70 946 109 0 
70 311 502 0 
71 633 105 0 
71 432 968 0 
71 164 453 0 
71 99 975 0 
72 974 820 0 
72 765 891 0 
72 508 170 0 
72 353 584 0 
72 285 428 0 
72 205 140 0 
72 185 524 0 
73 993 818 0 
73 943 667 0 
73 727 812 0 
73 547 463 0 
73 475 293 0 
73 377 436 0 
73 128 748 0 
74 952 725 0 
74 407 249 0 
74 337 558 0 
74 259 643 0 
74 81 41 0 
75 897 733 0 
75 791 82 0 
75 773 731 0 
75 719 255 0 
75 610 665 0 
75 523 603 0 
75 313 255 0 
75 291 748 0 
75 111 881 0 
76 715 408 0 
76 583 524 0 
76 269 448 0 
76 233 490 0 
77 855 720 0 
77 214 261 0 
77 203 161 0 
78 641 444 0 
78 560 531 0 
78 482 684 0 
78 317 469 0 
79 719 234 0 
80 685 525 0 
80 573 294 0 
80 494 1066 0 
80 230 135 0 
81 937 416 0 
81 812 537 0 
81 661 952 0 
81 377 701 0 
82 749 485 0 
82 508 117 0 
82 455 374 0 
82 421 407 0 
82 278 624 0 
82 187 404 0 
83 981 261 0 
83 486 925 0 
83 451 970 0 
83 370 461 0 
83 212 678 0 
84 976 352 0 
84 923 464 0 
84 477 908 0 
84 321 741 0 
85 960 390 0 
85 742 265 0 
85 699 315 0 
85 674 277 0 
85 597 96 0 
85 509 387 0 
85 491 548 0 
85 328 373 0 
85 249 429 0 
85 206 147 0 
85 120 960 0 
86 665 742 0 
86 580 406 0 
86 499 507 0 
86 459 819 0 
86 436 666 0 
86 231 687 0 
86 161 255 0 
86 94 334 0 
87 958 564 0 
87 798 811 0 
87 610 686 0 
87 399 185 0 
87 375 266 0 
87 173 795 0 
88 758 552 0 
88 703 326 0 
88 680 481 0 
89 973 267 0 
89 695 548 0 
89 407 603 0 
89 355 301 0 
89 200 599 0 
89 155 452 0 
90 883 417 0 
90 873 418 0 
90 209 194 0 
91 810 460 0 
91 767 681 0 
91 689 183 0 
91 479 530 0 
91 223 661 0 
91 93 575 0 
92 859 763 0 
92 751 699 0 
92 251 760 0 
92 232 108 0 
92 159 571 0 
93 838 887 0 
93 572 983 0 
93 519 858 0 
93 395 252 0 
93 172 880 0 
93 117 1041 0 
94 891 636 0 
94 433 578 0 
94 217 668 0 
95 752 160 0 
95 532 229 0 
95 451 546 0 
95 343 452 0 
95 284 376 0 
95 96 160 0 
96 771 78 0 
96 690 943 0 
96 588 693 0 
96 181 734 0 
97 872 436 0 
97 796 440 0 
97 643 444 0 
97 533 520 0 
97 498 468 0 
97 102 645 0 
98 864 561 0 
98 441 438 0 
98 375 297 0 
99 853 164 0 
99 748 718 0 
99 650 93 0 
99 360 351 0 
100 923 292 0 
100 881 305 0 
100 852 257 0 
100 799 513 0 
100 775 408 0 
100 634 372 0 
100 105 274 0 
101 874 349 0 
101 567 698 0 
101 152 591 0 
102 965 123 0 
102 928 145 0 
102 750 641 0 
102 497 134 0 
102 196 207 0 
103 895 79 0 
103 858 383 0 
103 808 452 0 
103 588 502 0 
103 247 235 0 
103 225 413 0 
103 168 561 0 
104 736 628 0 
104 251 688 0 
105 896 556 0 
105 169 834 0 
105 129 230 0 
106 764 238 0 
107 814 942 0 
107 780 714 0 
107 676 1148 0 
107 640 438 0 
108 985 717 0 
108 891 354 0 
108 842 1040 0 
108 555 926 0 
108 534 634 0 
108 381 101 0 
108 359 722 0 
108 183 563 0 
109 954 158 0 
109 761 632 0 
109 577 180 0 
109 309 230 0 
109 232 396 0 
109 194 94 0 
109 169 655 0 
110 557 1124 0 
110 325 925 0 
110 324 674 0 
111 766 394 0 
111 568 452 0 
111 559 709 0 
111 541 645 0 
111 213 110 0 
111 177 252 0 
112 856 493 0 
112 655 685 0 
112 445 545 0 
112 248 1026 0 
112 157 217 0 
113 845 138 0 
113 805 561 0 
113 779 353 0 
113 384 635 0 
114 823 209 0 
114 367 887 0 
114 360 511 0 
114 249 997 0 
115 475 742 0 
115 386 451 0 
115 162 220 0 
116 961 812 0 
116 762 214 0 
116 760 204 0 
116 579 950 0 
116 525 553 0 
116 338 765 0 
116 274 781 0 
116 250 655 0 
116 155 196 0 
117 795 456 0 
117 687 885 0 
117 681 782 0 
117 166 154 0 
117 127 704 0 
118 923 309 0 
118 358 770 0 
118 151 431 0 
118 147 706 0 
119 983 549 0 
119 538 333 0 
119 445 627 0 
119 430 593 0 
119 240 371 0 
120 704 827 0 
120 183 609 0 
121 831 1042 0 
121 830 872 0 
121 542 457 0 
121 366 613 0 
121 321 708 0 
121 168 871 0 
122 984 637 0 
122 790 198 0 
122 657 101 0 
122 645 349 0 
122 572 521 0 
122 474 431 0 
122 389 245 0 
123 981 629 0 
123 553 883 0 
123 511 478 0 
123 155 115 0 
123 146 780 0 
124 892 383 0 
124 774 340 0 
124 329 157 0 
125 853 634 0 
125 696 213 0 
125 667 831 0 
125 609 442 0 
125 498 522 0 
126 395 193 0 
126 366 343 0 
126 129 280 0 
127 336 452 0 
127 161 237 0 
127 132 457 0 
128 778 719 0 
128 697 826 0 
128 547 802 0 
128 262 568 0 
128 248 685 0 
129 377 528 0 
129 329 616 0 
129 233 531 0 
130 950 611 0 
130 777 669 0 
130 462 896 0 
130 438 585 0 
131 931 575 0 
131 844 543 0 
131 841 653 0 
131 813 505 0 
131 777 677 0 
131 761 680 0 
131 734 436 0 
131 665 700 0 
131 592 397 0 
131 553 571 0 
131 509 621 0 
131 334 413 0 
131 323 526 0 
131 316 513 0 
131 251 786 0 
131 137 498 0 
132 868 397 0 
132 792 400 0 
132 706 329 0 
132 683 385 0 
132 602 194 0 
132 488 407 0 
133 860 268 0 
133 712 638 0 
133 699 744 0 
133 637 718 0 
133 632 459 0 
133 528 136 0 
133 463 733 0 
133 417 617 0 
134 922 47 0 
134 722 923 0 
134 522 1021 0 
134 500 538 0 
134 471 187 0 
134 179 803 0 
135 607 650 0 
135 488 581 0 
136 707 463 0 
136 701 412 0 
136 279 643 0 
137 994 250 0 
137 865 870 0 
137 726 681 0 
137 717 698 0 
137 165 599 0 
138 266 157 0 
139 796 34 0 
140 747 867 0 
140 247 435 0 
140 145 566 0 
141 276 480 0 
141 177 688 0 
141 159 794 0 
142 983 115 0 
142 981 601 0 
142 883 313 0 
142 581 954 0 
142 501 188 0 
142 284 488 0 
142 199 926 0 
142 192 572 0 
143 900 254 0 
143 590 353 0 
143 575 378 0 
143 275 193 0 
143 238 289 0 
143 206 139 0 
144 868 333 0 
144 236 367 0 
145 808 845 0 
145 799 831 0 
145 548 422 0 
145 389 725 0 
145 358 952 0 
145 259 447 0 
146 921 116 0 
146 916 772 0 
146 912 513 0 
146 910 642 0 
146 799 607 0 
146 539 206 0 
146 201 525 0 
147 847 765 0 
147 810 443 0 
147 703 758 0 
147 579 789 0 
147 521 823 0 
147 510 579 0 
147 461 462 0 
147 294 359 0 
147 183 463 0 
148 785 923 0 
148 742 582 0 
148 610 41 0 
148 558 542 0 
148 516 285 0 
148 463 378 0 
149 670 468 0 
149 645 730 0 
149 622 436 0 
149 603 549 0 
149 587 591 0 
149 503 287 0 
149 440 336 0 
149 287 389 0 
150 929 621 0 
150 826 517 0 
150 814 229 0 
150 630 757 0 
150 405 865 0 
151 909 592 0 
151 791 613 0 
151 535 746 0 
151 209 170 0 
151 164 688 0 
152 873 167 0 
152 856 375 0 
152 793 617 0 
152 789 419 0 
152 295 553 0 
153 605 234 0 
153 591 178 0 
153 469 463 0 
153 389 621 0 
153 348 416 0 
153 237 285 0 
154 971 453 0 
154 729 305 0 
154 675 359 0 
154 560 722 0 
154 433 944 0 
155 948 906 0 
155 399 353 0 
155 282 567 0 
155 261 649 0 
156 972 303 0 
156 819 687 0 
156 718 800 0 
156 446 962 0 
157 812 744 0 
157 338 169 0 
158 953 553 0 
158 833 477 0 
158 538 567 0 
158 441 687 0 
158 341 107 0 
159 702 569 0 
159 632 553 0 
159 539 530 0 
159 327 334 0 
160 794 503 0 
160 788 165 0 
160 677 502 0 
160 559 535 0 
160 411 312 0 
161 728 362 0 
161 687 347 0 
161 528 327 0 
161 328 151 0 
162 735 191 0 
162 612 428 0 
163 942 418 0 
163 551 752 0 
163 550 585 0 
163 473 242 0 
163 447 639 0 
163 385 431 0 
163 308 767 0 
163 257 1121 0 
164 815 359 0 
164 550 377 0 
164 346 233 0 
164 327 327 0 
164 303 251 0 
164 239 493 0 
165 705 416 0 
165 686 415 0 
165 677 194 0 
165 605 607 0 
165 254 637 0 
165 239 423 0 
166 999 1022 0 
166 842 842 0 
166 729 982 0 
166 551 879 0 
166 519 723 0 
166 326 898 0 
166 306 809 0 
167 849 765 0 
167 454 500 0 
167 249 265 0 
168 606 293 0 
168 601 946 0 
168 520 808 0 
168 392 497 0 
168 297 668 0 
168 235 967 0 
168 196 751 0 
169 764 120 0 
169 621 179 0 
169 542 459 0 
169 403 758 0 
169 400 312 0 
169 372 529 0 
170 748 832 0 
170 668 926 0 
170 599 662 0 
170 402 257 0 
170 355 744 0 
170 241 266 0 
171 707 622 0 
171 451 271 0 
171 441 806 0 
171 224 840 0 
172 988 374 0 
172 777 776 0 
172 769 120 0 
172 674 412 0 
172 443 809 0 
172 257 907 0 
174 767 559 0 
174 592 407 0 
174 529 691 0 
174 473 475 0 
174 264 272 0 
174 258 704 0 
175 680 402 0 
175 538 640 0 
176 646 563 0 
176 265 128 0 
177 495 1136 0 
177 336 245 0 
177 239 855 0 
178 434 555 0 
178 393 442 0 
178 211 1044 0 
179 659 330 0 
179 362 503 0 
180 961 717 0 
180 827 583 0 
180 769 972 0 
180 473 670 0 
180 459 156 0 
180 253 626 0 
181 626 683 0 
181 498 664 0 
181 435 402 0 
181 235 550 0 
181 218 1002 0 
182 539 641 0 
182 439 136 0 
182 363 149 0 
182 293 869 0 
182 272 859 0 
183 938 502 0 
183 638 242 0 
183 628 230 0 
183 627 483 0 
184 822 511 0 
184 378 128 0 
184 368 380 0 
184 305 184 0 
185 881 537 0 
185 797 579 0 
185 786 675 0 
185 765 794 0 
185 721 644 0 
185 560 317 0 
185 268 932 0 
185 267 433 0 
185 256 519 0 
186 853 345 0 
186 740 567 0 
186 732 684 0 
186 635 246 0 
187 983 230 0 
187 664 401 0 
187 488 774 0 
188 802 483 0 
188 522 663 0 
188 394 231 0 
188 388 123 0 
188 284 347 0 
189 746 922 0 
189 724 613 0 
189 550 397 0 
190 999 858 0 
190 961 15 0 
190 894 455 0 
190 889 387 0 
190 247 584 0 
190 216 367 0 
191 977 425 0 
191 708 108 0 
191 555 560 0 
191 506 268 0 
191 437 517 0 
191 250 550 0 
191 201 53 0 
192 962 193 0 
192 875 249 0 
192 834 566 0 
192 596 448 0 
192 584 199 0 
193 705 1049 0 
193 339 478 0 
193 251 203 0 
194 992 462 0 
194 871 428 0 
194 448 442 0 
194 360 262 0 
194 346 626 0 
195 999 322 0 
195 815 383 0 
195 629 648 0 
196 945 335 0 
196 809 472 0 
196 757 466 0 
196 597 237 0 
196 561 483 0 
196 489 612 0 
196 293 284 0 
197 879 458 0 
197 758 146 0 
197 490 838 0 
198 985 628 0 
198 977 869 0 
198 969 543 0 
198 967 773 0 
198 816 205 0 
198 752 519 0 
198 704 709 0 
198 614 793 0 
198 489 393 0 
198 449 697 0 
198 248 854 0 
199 853 813 0 
199 677 846 0 
199 432 822 0 
199 369 324 0 
199 359 857 0 
200 936 455 0 
200 837 686 0 
201 988 329 0 
201 680 137 0 
201 625 43 0 
201 550 464 0 
201 545 536 0 
201 254 654 0 
202 882 136 0 
202 796 743 0 
202 791 719 0 
202 430 716 0 
202 212 692 0 
203 842 627 0 
203 794 583 0 
203 491 630 0 
203 453 706 0 
203 265 306 0 
204 658 909 0 
204 653 90 0 
204 642 490 0 
204 580 666 0 
204 328 444 0 
205 782 634 0 
205 747 416 0 
205 686 441 0 
205 635 345 0 
205 449 540 0 
206 941 808 0 
206 777 679 0 
206 759 42 0 
206 728 388 0 
206 602 573 0 
206 492 599 0 
206 279 808 0 
206 227 166 0 
207 766 194 0 
207 686 563 0 
207 438 326 0 
207 366 237 0 
207 358 532 0 
207 266 570 0 
208 954 561 0 
208 663 444 0 
208 617 237 0 
208 568 249 0 
208 386 235 0 
208 275 610 0 
209 956 102 0 
209 935 792 0 
209 576 663 0 
209 505 53 0 
209 482 579 0 
209 472 1077 0 
209 325 781 0 
210 789 371 0 
210 715 502 0 
211 671 516 0 
211 349 773 0 
212 680 670 0 
212 389 574 0 
212 331 269 0 
212 270 225 0 
213 898 349 0 
213 831 323 0 
213 767 955 0 
213 667 931 0 
213 617 625 0 
213 556 615 0 
213 527 646 0 
214 815 316 0 
214 782 643 0 
214 772 486 0 
214 726 526 0 
214 725 424 0 
214 556 581 0 
214 438 410 0 
215 455 487 0 
215 278 709 0 
216 983 341 0 
216 925 321 0 
216 653 257 0 
217 920 405 0 
217 796 823 0 
217 787 620 0 
217 758 97 0 
217 726 200 0 
217 701 570 0 
217 429 492 0 
217 409 835 0 
218 619 733 0 
219 982 803 0 
219 708 480 0 
220 932 203 0 
220 728 282 0 
220 468 245 0 
220 461 327 0 
220 458 422 0 
220 430 376 0 
221 912 278 0 
221 857 186 0 
221 474 120 0 
222 777 403 0 
222 676 155 0 
223 709 371 0 
223 598 793 0 
223 365 521 0 
223 278 481 0 
224 818 294 0 
224 696 496 0 
225 965 623 0 
225 768 758 0 
226 510 600 0 
226 390 545 0 
226 360 311 0 
226 258 69 0 
227 913 1051 0 
227 868 530 0 
227 558 226 0 
227 502 340 0 
227 473 333 0 
228 883 510 0 
228 625 368 0 
228 479 693 0 
229 849 384 0 
229 689 487 0 
229 617 581 0 
230 953 935 0 
230 838 67 0 
230 713 317 0 
230 676 520 0 
230 557 1105 0 
230 531 1066 0 
230 356 192 0 
231 920 569 0 
231 918 597 0 
231 695 251 0 
231 355 641 0 
232 931 569 0 
232 850 733 0 
232 812 495 0 
233 777 94 0 
233 552 748 0 
233 532 370 0 
233 439 286 0 
233 379 859 0 
233 331 425 0 
234 937 387 0 
234 887 481 0 
234 870 234 0 
234 826 327 0 
234 626 257 0 
234 410 827 0 
234 318 690 0 
234 235 784 0 
235 294 599 0 
235 242 460 0 
236 911 119 0 
236 734 196 0 
237 678 802 0 
237 646 483 0 
237 567 409 0 
237 566 515 0 
237 305 44 0 
238 591 196 0 
238 491 729 0 
239 880 268 0 
239 790 618 0 
239 770 186 0 
239 732 785 0 
239 616 281 0 
239 269 543 0 
240 918 104 0 
240 855 201 0 
240 281 529 0 
241 848 457 0 
241 295 357 0 
242 940 515 0 
242 713 306 0 
242 559 426 0 
242 475 588 0 
243 961 679 0 
244 772 452 0 
244 769 591 0 
244 741 154 0 
244 471 197 0 
245 987 603 0 
245 931 201 0 
245 826 287 0 
245 598 619 0 
245 497 444 0 
245 291 186 0 
246 780 701 0 
246 601 603 0 
246 442 107 0 
247 943 315 0 
247 713 418 0 
247 610 161 0 
247 336 160 0 
248 952 357 0 
248 835 698 0 
248 803 508 0 
248 766 648 0 
248 535 270 0 
249 685 552 0 
249 319 516 0 
250 781 596 0 
251 834 799 0 
252 994 558 0 
252 873 814 0 
252 725 932 0 
253 906 588 0 
253 899 282 0 
253 600 462 0 
253 599 451 0 
253 460 607 0 
253 427 557 0 
254 949 460 0 
254 614 616 0 
254 495 947 0 
254 455 484 0 
255 962 233 0 
255 831 667 0 
255 481 163 0 
255 358 615 0 
256 814 873 0 
256 599 226 0 
256 484 385 0 
256 453 420 0 
256 405 357 0 
257 871 538 0 
257 602 546 0 
257 571 129 0 
257 404 79 0 
258 951 64 0 
258 898 106 0 
258 760 268 0 
258 702 571 0 
258 399 210 0 
258 279 251 0 
259 770 480 0 
259 745 150 0 
259 635 302 0 
259 552 376 0 
259 352 440 0 
259 328 249 0 
260 997 384 0 
260 741 837 0 
260 522 927 0 
261 805 420 0 
261 507 421 0 
261 305 756 0 
262 859 183 0 
262 707 240 0 
262 652 536 0 
263 894 598 0 
263 867 533 0 
263 832 470 0 
263 733 478 0 
264 916 562 0 
264 720 748 0 
264 715 154 0 
264 576 463 0 
265 829 460 0 
265 825 359 0 
265 519 801 0 
266 594 776 0 
266 295 543 0 
267 986 363 0 
267 850 668 0 
267 798 667 0 
267 794 633 0 
268 605 458 0 
268 591 384 0 
268 345 578 0 
269 618 954 0 
270 926 309 0 
270 891 408 0 
270 821 268 0 
270 680 446 0 
270 399 676 0 
271 996 197 0 
271 903 455 0 
271 888 786 0 
271 738 399 0 
271 604 761 0 
271 545 173 0 
271 378 582 0 
272 910 934 0 
272 602 721 0 
272 493 1063 0 
272 346 745 0 
272 293 540 0 
272 291 766 0 
273 674 73 0 
273 451 733 0 
273 448 454 0 
274 874 611 0 
274 870 963 0 
274 650 410 0 
275 995 677 0 
275 918 522 0 
275 900 206 0 
275 887 189 0 
275 866 559 0 
275 661 960 0 
275 353 704 0 
276 966 375 0 
276 906 177 0 
276 312 385 0 
277 811 248 0 
277 597 746 0 
277 568 88 0 
277 312 741 0 
278 702 468 0 
278 578 845 0 
278 397 777 0 
278 383 749 0 
279 949 556 0 
279 442 849 0 
280 954 256 0 
280 668 1047 0 
281 865 859 0 
281 825 576 0 
281 805 458 0 
281 484 119 0 
281 460 406 0 
281 397 890 0 
282 792 781 0 
282 691 714 0 
282 370 529 0 
282 320 75 0 
283 956 360 0 
283 678 133 0 
283 595 552 0 
283 471 403 0 
283 420 652 0 
284 985 163 0 
284 918 135 0 
284 832 706 0 
285 824 432 0 
285 588 505 0 
285 554 369 0 
286 762 745 0 
286 688 607 0 
286 616 877 0 
286 432 740 0 
286 431 662 0 
286 311 476 0 
287 648 187 0 
287 628 82 0 
287 626 322 0 
287 412 519 0 
287 301 256 0 
288 885 507 0 
288 618 95 0 
288 554 862 0 
288 528 567 0 
288 439 652 0 
288 387 200 0 
288 343 366 0 
288 326 135 0 
288 304 868 0 
289 892 350 0 
289 517 281 0 
290 814 642 0 
290 549 126 0 
290 447 299 0 
290 345 520 0 
291 828 427 0 
292 960 326 0 
292 958 195 0 
292 796 170 0 
292 758 737 0 
292 586 420 0 
292 461 390 0 
293 449 399 0 
294 594 115 0 
295 937 480 0 
295 752 504 0 
295 749 811 0 
295 473 446 0 
295 339 678 0 
295 324 432 0 
296 951 595 0 
297 773 747 0 
297 488 559 0 
297 350 264 0 
298 514 963 0 
298 395 874 0 
299 764 838 0 
299 342 289 0 
300 954 220 0 
300 910 437 0 
300 318 314 0 
301 772 344 0 
301 597 593 0 
302 880 620 0 
303 720 544 0 
303 512 329 0 
303 376 513 0 
303 311 747 0 
304 975 28 0 
304 607 230 0 
304 386 288 0 
305 984 671 0 
305 875 480 0 
305 550 358 0 
306 942 579 0 
306 912 453 0 
307 798 116 0 
307 712 168 0 
308 751 458 0 
308 693 205 0 
308 452 785 0 
309 913 1002 0 
309 858 806 0 
309 575 369 0 
309 519 293 0 
309 502 285 0 
309 403 755 0 
309 388 589 0 
310 987 483 0 
310 966 282 0 
310 862 534 0 
310 816 278 0 
310 748 816 0 
310 622 606 0 
310 605 404 0 
311 989 735 0 
311 923 715 0 
311 833 550 0 
311 629 517 0 
311 585 721 0 
312 863 499 0 
312 698 331 0 
312 586 611 0 
312 392 893 0 
313 851 515 0 
313 616 318 0 
313 420 974 0 
314 944 756 0 
314 910 284 0 
314 769 447 0 
314 509 804 0 
314 483 786 0 
314 465 169 0 
315 550 185 0 
315 441 847 0 
316 471 473 0 
316 464 842 0 
317 889 156 0 
317 492 294 0 
317 441 594 0 
318 684 703 0 
318 555 189 0 
319 559 263 0 
319 457 151 0 
319 420 773 0 
319 362 847 0 
320 844 431 0 
320 814 1049 0 
320 672 286 0 
321 906 761 0 
321 631 336 0 
321 593 895 0 
321 535 548 0 
322 929 524 0 
322 880 268 0 
322 875 338 0 
322 842 618 0 
322 679 516 0 
322 631 627 0 
322 492 396 0 
322 446 132 0 
323 886 402 0 
323 872 84 0 
323 864 581 0 
323 727 385 0 
323 672 558 0 
323 539 540 0 
323 504 574 0 
323 398 209 0 
324 836 160 0 
325 572 902 0 
326 976 125 0 
327 853 662 0 
327 841 844 0 
327 345 313 0 
328 834 420 0 
328 512 303 0 
329 675 453 0 
330 832 732 0 
330 752 117 0 
330 696 583 0 
330 589 435 0 
330 431 361 0 
331 898 505 0 
331 690 738 0 
331 463 411 0 
331 431 232 0 
332 987 762 0 
332 950 836 0 
332 816 316 0 
332 484 174 0 
333 828 72 0 
333 733 194 0 
333 450 496 0 
334 840 565 0 
334 838 585 0 
334 815 232 0 
334 534 324 0 
334 509 798 0 
336 997 633 0 
336 741 455 0 
337 569 552 0 
337 451 645 0 
338 975 802 0 
338 931 359 0 
338 621 782 0 
338 572 107 0 
339 440 521 0 
340 986 636 0 
340 837 815 0 
340 716 702 0 
340 633 824 0 
340 584 147 0 
340 457 583 0 
341 565 475 0 
341 503 471 0 
341 397 543 0 
343 952 352 0 
343 843 639 0 
343 763 512 0 
343 353 785 0 
344 554 782 0 
344 439 891 0 
345 601 320 0 
345 547 421 0 
345 496 163 0 
346 816 86 0 
346 675 315 0 
346 666 536 0 
346 581 543 0 
346 448 276 0 
347 901 246 0 
348 806 348 0 
348 356 327 0 
349 943 1113 0 
349 888 572 0 
349 362 1247 0 
350 810 754 0 
350 778 313 0 
350 452 1030 0 
350 413 156 0 
350 375 756 0 
350 366 395 0 
351 923 198 0 
351 845 582 0 
351 654 413 0 
351 382 385 0 
352 858 711 0 
352 804 57 0 
352 757 493 0 
352 548 445 0 
352 466 599 0 
353 993 538 0 
353 419 852 0 
354 885 320 0 
354 766 302 0 
354 631 581 0 
354 544 552 0 
355 974 744 0 
355 891 766 0 
355 869 937 0 
355 551 475 0 
355 409 952 0 
356 678 101 0 
356 587 425 0 
356 518 110 0 
357 887 719 0 
357 774 646 0 
357 691 598 0 
357 621 606 0 
357 443 540 0 
358 911 631 0 
358 871 815 0 
358 608 1094 0 
359 721 516 0 
359 472 629 0 
359 462 962 0 
359 404 1006 0 
360 981 274 0 
360 960 286 0 
360 737 519 0 
361 951 246 0 
361 743 563 0 
361 680 205 0 
361 516 841 0 
361 495 807 0 
361 478 606 0 
361 457 387 0 
361 453 519 0 
362 835 776 0 
362 791 1082 0 
362 692 827 0 
362 535 353 0 
363 773 216 0 
363 742 626 0 
363 616 602 0 
363 605 132 0 
363 553 585 0 
364 747 561 0 
364 692 306 0 
364 516 644 0 
364 484 252 0 
365 859 604 0 
365 581 253 0 
366 989 196 0 
366 927 197 0 
366 814 386 0 
366 526 817 0 
366 383 601 0 
367 443 511 0 
368 838 848 0 
368 832 580 0 
368 451 449 0 
369 905 432 0 
369 725 372 0 
369 478 302 0 
370 893 437 0 
370 848 366 0 
370 512 284 0 
371 875 599 0 
371 837 306 0 
371 721 779 0 
371 395 693 0 
372 877 403 0 
372 598 864 0 
372 559 540 0 
373 643 670 0 
373 562 593 0 
373 557 925 0 
374 747 802 0 
374 591 204 0 
374 522 526 0 
374 498 516 0 
375 859 768 0 
375 652 215 0 
375 490 653 0 
376 940 675 0 
376 906 231 0 
376 887 690 0 
376 847 432 0 
376 832 485 0 
376 746 595 0 
376 638 446 0 
376 508 608 0 
376 422 624 0 
376 388 376 0 
377 784 560 0 
377 609 653 0 
378 681 169 0 
378 579 879 0 
378 436 189 0 
379 942 163 0 
379 892 745 0 
379 421 521 0 
380 835 732 0 
380 500 835 0 
380 399 853 0 
380 389 463 0 
381 980 214 0 
381 871 805 0 
381 844 790 0 
381 783 973 0 
381 494 79 0 
381 474 276 0 
382 676 829 0 
382 636 729 0 
382 583 192 0 
382 515 781 0 
383 966 532 0 
383 539 595 0 
383 391 608 0 
384 840 250 0 
384 725 445 0 
384 668 701 0 
384 457 182 0 
385 813 594 0 
385 602 550 0 
385 504 917 0 
385 475 825 0 
386 873 742 0 
386 865 845 0 
386 436 320 0 
387 891 542 0 
387 787 214 0 
387 420 425 0 
387 403 173 0 
388 884 181 0 
388 784 753 0 
388 503 252 0 
388 391 141 0 
389 788 502 0 
389 521 612 0 
389 403 438 0 
390 850 141 0 
390 799 697 0 
390 721 121 0 
391 841 736 0 
391 806 398 0 
392 941 944 0 
392 623 581 0 
392 542 140 0 
393 990 698 0 
393 934 729 0 
394 876 689 0 
394 859 475 0 
394 429 245 0 
395 980 599 0 
395 702 691 0 
396 798 603 0 
396 796 578 0 
397 881 468 0 
397 846 523 0 
397 464 514 0 
398 946 412 0 
398 827 544 0 
398 807 597 0 
399 577 560 0 
399 418 661 0 
400 590 987 0 
401 637 499 0 
401 521 791 0 
401 453 865 0 
402 758 206 0 
402 692 228 0 
403 950 640 0 
403 944 939 0 
403 846 857 0 
403 822 72 0 
403 732 626 0 
403 722 413 0 
403 627 950 0 
403 582 634 0 
403 518 512 0 
403 427 198 0 
403 411 566 0 
404 999 193 0 
404 902 114 0 
404 818 287 0 
404 816 676 0 
404 772 690 0 
405 685 777 0 
405 675 552 0 
406 976 600 0 
406 975 509 0 
406 752 335 0 
406 726 264 0 
406 569 606 0 
406 556 410 0 
407 981 655 0 
407 828 476 0 
407 453 841 0 
408 648 141 0 
408 439 211 0 
409 728 942 0 
409 723 633 0 
410 861 547 0 
410 826 863 0 
410 760 183 0 
412 830 709 0 
412 656 597 0 
412 631 291 0 
412 570 531 0 
413 985 469 0 
413 890 520 0 
413 557 448 0 
413 482 380 0 
414 968 986 0 
414 931 454 0 
414 890 370 0 
414 569 774 0 
414 543 843 0 
414 495 209 0 
415 933 502 0 
415 870 574 0 
415 796 596 0 
416 890 357 0 
416 816 716 0 
416 764 851 0 
417 849 683 0 
417 776 148 0 
417 752 604 0 
417 729 418 0 
418 997 56 0 
418 763 519 0 
418 645 419 0 
419 486 1102 0 
420 640 752 0 
420 587 272 0 
421 839 160 0 
421 617 555 0 
421 520 319 0 
422 698 849 0 
423 964 115 0 
423 958 121 0 
423 878 704 0 
423 763 354 0 
423 720 560 0 
424 967 621 0 
424 852 293 0 
424 798 450 0 
424 764 366 0 
425 839 246 0 
425 726 309 0 
426 931 113 0 
426 916 601 0 
426 636 356 0 
427 992 595 0 
427 900 763 0 
427 766 647 0 
427 711 358 0 
428 976 1004 0 
428 823 103 0 
428 759 511 0 
429 988 488 0 
429 855 399 0 
429 840 278 0 
429 822 534 0 
429 816 303 0 
429 767 556 0 
429 702 205 0 
429 645 549 0 
430 909 696 0 
430 906 815 0 
430 878 469 0 
430 560 194 0 
430 442 287 0 
430 441 1100 0 
431 976 810 0 
431 935 675 0 
431 916 323 0 
431 845 668 0 
432 906 736 0 
432 737 639 0 
432 670 186 0 
432 433 370 0 
433 761 895 0 
433 597 222 0 
433 523 332 0 
434 933 278 0 
434 779 278 0 
435 558 236 0 
436 895 409 0 
436 719 712 0 
436 667 825 0 
437 976 504 0 
437 898 536 0 
437 825 187 0 
438 825 423 0 
438 575 746 0 
438 564 834 0 
439 682 305 0 
439 667 961 0 
440 853 369 0 
440 776 404 0 
441 990 395 0 
441 964 622 0 
441 830 188 0 
442 959 671 0 
442 903 359 0 
442 840 363 0 
442 628 586 0 
443 613 491 0 
443 533 598 0 
443 507 821 0 
444 873 595 0 
444 795 595 0 
444 790 721 0 
444 601 904 0 
444 518 818 0 
445 614 742 0 
446 852 253 0 
446 822 358 0 
446 753 285 0 
446 683 197 0 
447 860 584 0 
447 703 589 0 
447 454 286 0 
448 994 225 0 
448 594 390 0 
449 680 201 0 
449 614 303 0 
450 990 50 0 
450 903 357 0 
450 857 675 0 
450 803 319 0 
451 843 192 0 
451 770 482 0 
452 979 254 0 
453 783 445 0 
453 759 203 0 
453 530 816 0 
454 999 471 0 
454 912 391 0 
454 888 572 0 
454 722 818 0 
454 651 575 0 
454 594 266 0 
455 918 224 0 
456 950 732 0 
456 693 832 0 
457 972 152 0 
457 883 129 0 
457 477 700 0 
457 469 378 0 
458 903 709 0 
458 889 491 0 
458 881 724 0 
459 891 311 0 
459 786 266 0 
459 629 627 0 
459 563 985 0 
460 873 423 0 
460 691 851 0 
461 779 181 0 
461 530 377 0 
461 512 214 0 
461 499 526 0 
462 825 768 0 
462 525 697 0 
463 909 693 0 
463 831 1038 0 
463 819 695 0 
463 780 801 0 
463 711 778 0 
463 668 933 0 
463 664 524 0 
463 597 803 0 
463 487 750 0 
464 942 871 0 
464 816 149 0 
464 468 547 0 
465 543 112 0 
466 872 226 0 
466 702 406 0 
467 983 188 0 
467 934 736 0 
467 857 641 0 
467 692 370 0 
467 604 735 0 
468 883 104 0 
468 874 264 0 
468 860 563 0 
468 854 203 0 
468 810 208 0 
468 760 626 0 
468 658 618 0 
469 926 113 0 
470 975 277 0 
470 499 619 0 
471 753 309 0 
471 610 277 0 
472 983 704 0 
472 857 246 0 
472 544 1046 0 
473 885 212 0 
473 755 894 0 
474 931 134 0 
474 779 414 0 
474 616 370 0 
474 557 305 0 
475 989 773 0 
475 978 349 0 
476 740 874 0 
477 981 917 0 
477 980 330 0 
477 899 744 0 
477 633 898 0 
477 581 789 0 
477 537 455 0 
477 526 1210 0 
478 871 600 0 
478 869 193 0 
478 747 660 0 
478 722 859 0 
479 741 578 0 
479 650 738 0 
480 881 183 0 
480 748 360 0 
480 602 243 0 
480 523 303 0 
481 704 322 0 
482 839 507 0 
482 698 130 0 
483 901 762 0 
483 711 801 0 
483 485 943 0 
484 964 300 0 
484 860 339 0 
484 537 533 0 
484 535 142 0 
485 987 888 0 
487 919 392 0 
487 675 234 0 
488 568 697 0 
489 941 980 0 
489 895 500 0 
489 835 477 0 
489 755 1029 0 
489 717 405 0 
489 710 810 0 
490 842 637 0 
491 997 477 0 
491 861 302 0 
491 779 496 0 
491 752 818 0 
491 625 352 0 
491 579 926 0 
491 551 329 0 
492 832 437 0 
492 728 437 0 
493 933 487 0 
493 751 486 0 
493 662 819 0 
494 869 241 0 
494 710 1086 0 
495 851 622 0 
495 760 1119 0 
495 729 1032 0 
496 954 343 0 
496 552 161 0 
499 891 562 0 
499 590 474 0 
499 526 437 0 
499 511 589 0 
499 501 671 0 
500 829 800 0 
500 727 192 0 
500 585 302 0 
501 631 305 0 
502 764 585 0 
503 576 269 0 
504 838 438 0 
505 860 902 0 
505 846 1026 0 
505 795 451 0 
505 635 571 0 
505 626 709 0 
507 868 392 0 
507 784 453 0 
508 945 216 0 
508 767 319 0 
508 553 241 0 
508 540 663 0 
509 896 948 0 
509 758 86 0 
510 979 204 0 
510 822 792 0 
510 744 323 0 
510 592 334 0 
511 949 431 0 
512 946 62 0 
512 920 413 0 
513 958 546 0 
513 770 530 0 
513 766 551 0 
513 563 230 0 
514 911 552 0 
514 847 874 0 
515 942 41 0 
515 787 161 0 
515 528 534 0 
517 987 301 0 
517 657 376 0 
517 641 216 0 
517 539 734 0 
518 979 596 0 
518 970 688 0 
518 723 254 0 
518 686 643 0 
518 616 633 0 
519 695 897 0 
520 874 390 0 
520 817 354 0 
520 723 260 0 
522 553 1034 0 
522 523 797 0 
523 600 167 0 
524 819 343 0 
524 674 665 0 
524 638 732 0 
524 633 638 0 
525 739 516 0 
525 666 263 0 
525 576 361 0 
526 989 752 0 
526 897 168 0 
526 829 564 0 
526 574 990 0 
527 835 137 0 
527 782 921 0 
527 749 116 0 
527 740 855 0 
527 708 719 0 
528 841 821 0 
528 801 358 0 
528 644 466 0 
529 667 1080 0 
530 619 62 0 
530 539 829 0 
531 908 623 0 
532 767 613 0 
533 812 435 0 
533 751 555 0 
533 549 236 0 
534 945 230 0 
534 916 452 0 
534 860 474 0 
534 815 540 0 
534 673 564 0 
535 634 258 0 
535 633 372 0 
535 613 563 0 
535 597 734 0 
535 563 567 0 
536 797 426 0 
536 658 799 0 
537 830 679 0 
537 794 798 0 
537 614 613 0 
538 843 579 0 
538 820 496 0 
538 566 357 0 
538 552 413 0 
538 547 105 0 
539 777 639 0 
539 706 674 0 
539 600 291 0 
541 918 262 0 
541 897 230 0 
541 694 808 0 
541 690 585 0 
542 747 410 0 
543 994 478 0 
543 915 865 0 
543 873 187 0 
543 682 709 0 
544 978 253 0 
544 883 551 0 
544 668 808 0 
546 823 615 0 
546 669 148 0 
547 960 253 0 
547 740 612 0 
547 568 807 0 
548 857 542 0 
548 704 227 0 
548 676 285 0 
549 917 446 0 
550 990 612 0 
550 755 843 0 
551 999 215 0 
551 846 599 0 
552 710 152 0 
552 677 505 0 
552 631 733 0 
552 626 515 0 
553 993 600 0 
553 837 618 0 
554 983 300 0 
554 942 658 0 
554 752 179 0 
554 735 233 0 
554 636 567 0 
554 631 108 0 
555 922 444 0 
555 752 324 0 
555 597 159 0 
555 593 785 0 
556 905 675 0 
556 713 213 0 
558 892 567 0 
558 563 380 0 
559 981 178 0 
559 940 939 0 
559 703 228 0 
559 702 663 0 
559 566 645 0 
560 832 698 0 
560 810 30 0 
561 898 721 0 
561 685 647 0 
561 679 276 0 
563 975 834 0 
564 948 683 0 
564 916 401 0 
564 881 588 0 
564 852 148 0 
564 685 275 0 
565 751 841 0 
566 686 1013 0 
567 958 279 0 
567 939 188 0 
567 917 442 0 
567 874 355 0 
568 798 78 0 
569 818 629 0 
570 977 280 0 
570 898 250 0 
570 613 722 0 
571 971 541 0 
571 731 1195 0 
571 698 328 0 
573 688 346 0 
574 731 538 0 
574 627 430 0 
574 618 864 0 
574 609 911 0 
575 881 482 0 
576 845 648 0 
576 833 529 0 
576 699 743 0 
577 902 689 0 
577 811 187 0 
577 723 125 0 
577 668 568 0 
577 667 482 0 
577 659 382 0 
577 617 603 0 
578 900 754 0 
578 620 727 0 
579 937 310 0 
579 837 711 0 
579 733 190 0 
580 909 156 0 
581 875 570 0 
581 837 456 0 
581 831 191 0 
581 830 66 0 
582 870 1106 0 
582 806 897 0 
582 726 645 0 
582 642 861 0 
583 795 678 0 
583 754 625 0 
585 856 426 0 
585 638 260 0 
586 910 467 0 
586 737 687 0 
586 721 399 0 
587 762 424 0 
587 677 756 0 
587 626 553 0 
588 985 594 0 
588 984 763 0 
588 981 729 0 
588 923 273 0 
589 952 679 0 
589 703 635 0 
589 670 572 0 
589 624 563 0 
589 615 869 0 
590 668 668 0 
590 642 638 0 
591 942 516 0 
593 976 621 0 
593 679 732 0 
594 693 802 0 
595 823 195 0 
596 958 500 0 
596 886 591 0 
596 863 381 0 
596 739 578 0 
596 699 359 0 
596 658 674 0 
597 917 885 0 
597 896 753 0 
597 626 539 0 
597 623 774 0 
598 937 882 0 
598 921 745 0 
598 859 946 0 
598 599 368 0 
599 682 582 0 
599 678 263 0 
600 983 588 0 
600 981 216 0 
601 989 724 0 
601 969 548 0 
601 717 206 0 
602 667 753 0 
603 880 689 0 
604 976 465 0 
604 961 610 0 
604 684 570 0 
604 654 662 0 
605 957 238 0 
606 926 711 0 
606 862 561 0 
606 731 994 0 
607 861 771 0 
607 826 428 0 
608 933 579 0 
608 729 156 0 
608 662 779 0 
608 616 1011 0 
609 981 199 0 
609 921 191 0 
610 933 78 0 
610 895 383 0 
610 814 318 0 
610 810 389 0 
611 949 414 0 
611 844 580 0 
611 734 329 0 
612 998 541 0 
612 756 240 0 
613 917 174 0 
613 745 602 0 
614 776 400 0 
615 963 403 0 
615 825 421 0 
615 770 661 0 
615 616 687 0 
616 917 638 0 
616 840 293 0 
618 857 791 0 
619 983 541 0 
620 985 446 0 
620 938 329 0 
620 860 944 0 
620 679 287 0 
620 647 1007 0 
622 706 465 0 
622 627 588 0 
623 945 540 0 
623 903 231 0 
623 646 232 0 
624 978 94 0 
624 971 238 0 
624 763 316 0 
625 708 95 0 
625 646 214 0 
626 964 202 0 
626 850 441 0 
626 755 730 0 
626 647 564 0 
627 896 907 0 
628 906 203 0 
628 884 526 0 
629 832 953 0 
629 649 1143 0 
630 660 525 0 
631 964 493 0 
631 857 265 0 
631 756 209 0 
631 647 843 0 
632 800 400 0 
634 863 584 0 
634 725 488 0 
635 839 151 0 
635 712 301 0 
636 684 662 0 
637 947 288 0 
637 708 567 0 
638 991 473 0 
638 967 361 0 
638 961 236 0 
638 785 776 0 
639 981 471 0 
639 916 445 0 
639 739 332 0 
640 949 221 0 
640 772 392 0 
640 656 722 0 
641 988 847 0 
641 982 951 0 
641 688 331 0 
642 724 358 0 
643 985 526 0 
643 951 451 0 
643 883 478 0 
643 856 449 0 
643 687 440 0 
644 985 112 0 
644 716 355 0 
644 694 238 0 
645 950 365 0 
645 904 745 0 
645 797 629 0 
645 780 268 0 
645 707 660 0 
646 710 746 0 
646 699 756 0 
647 884 539 0 
647 819 468 0 
647 799 877 0 
649 889 671 0 
649 719 1026 0 
650 972 24 0 
650 832 763 0 
650 812 510 0 
651 755 139 0 
652 722 401 0 
652 701 311 0 
653 850 861 0 
654 740 863 0 
655 962 255 0 
655 818 246 0 
655 769 383 0 
656 952 444 0 
656 797 397 0 
657 775 518 0 
658 870 359 0 
658 766 500 0 
659 814 738 0 
660 823 671 0 
660 772 175 0 
663 674 675 0 
664 714 617 0 
665 971 494 0 
665 766 424 0 
666 972 194 0 
666 958 504 0 
667 685 926 0 
668 867 143 0 
669 739 384 0 
670 690 1130 0 
671 820 723 0 
675 829 449 0 
675 703 438 0 
676 736 679 0 
677 937 130 0 
677 880 505 0 
678 819 203 0 
678 812 450 0 
679 968 703 0 
680 955 544 0 
680 840 521 0 
680 777 431 0 
681 965 478 0 
681 690 538 0 
683 769 609 0 
684 767 740 0 
685 938 744 0 
686 713 754 0 
687 912 525 0 
687 861 507 0 
688 931 125 0 
688 775 703 0 
688 762 438 0 
689 730 126 0 
691 936 598 0 
691 700 753 0 
692 972 159 0 
692 694 155 0 
693 845 516 0 
693 771 798 0 
693 719 920 0 
694 988 704 0 
694 973 400 0 
695 984 857 0 
696 879 367 0 
696 869 493 0 
696 710 778 0 
696 701 354 0 
697 961 137 0 
697 914 601 0 
697 881 570 0 
697 852 898 0 
698 944 911 0 
699 941 694 0 
699 783 117 0 
700 991 252 0 
700 723 539 0 
701 870 554 0 
702 997 610 0 
702 840 372 0 
703 847 57 0 
704 864 336 0 
705 746 497 0 
706 968 415 0 
706 796 102 0 
706 786 120 0 
708 985 240 0 
708 962 209 0 
708 934 414 0 
708 866 243 0 
709 778 470 0 
710 828 417 0 
712 761 525 0 
713 997 261 0 
713 959 268 0 
713 957 605 0 
713 791 639 0 
714 846 543 0 
716 831 1186 0 
716 825 328 0 
716 758 147 0 
717 960 493 0 
717 853 130 0 
717 848 348 0 
718 998 648 0 
719 771 249 0 
719 763 321 0 
719 727 867 0 
720 974 1007 0 
720 755 992 0 
721 828 330 0 
723 973 249 0 
723 874 338 0 
724 838 682 0 
724 797 291 0 
725 857 638 0 
726 982 653 0 
726 865 189 0 
727 936 594 0 
728 894 144 0 
728 824 849 0 
729 816 698 0 
729 809 762 0 
729 742 759 0 
730 991 170 0 
730 972 426 0 
731 986 882 0 
732 968 745 0 
732 844 714 0 
732 757 485 0 
735 963 440 0 
735 884 203 0 
736 869 970 0 
736 809 783 0 
736 798 991 0 
737 760 612 0 
737 754 547 0 
739 757 810 0 
740 920 148 0 
740 778 768 0 
741 787 557 0 
743 829 287 0 
743 794 841 0 
745 843 213 0 
745 824 336 0 
747 963 89 0 
747 953 184 0 
747 807 862 0 
747 751 829 0 
748 976 591 0 
748 787 356 0 
749 889 602 0 
751 856 442 0 
751 843 146 0 
751 825 559 0 
752 841 242 0 
752 762 583 0 
753 993 541 0 
753 800 589 0 
755 843 517 0 
757 929 231 0 
758 896 866 0 
759 902 910 0 
760 952 336 0 
760 925 432 0 
761 823 565 0 
761 764 110 0 
762 990 411 0 
762 800 809 0 
762 777 23 0 
763 900 304 0 
763 834 660 0 
763 825 214 0 
765 977 338 0 
765 940 896 0 
765 865 788 0 
765 824 696 0 
767 962 841 0 
767 919 961 0 
769 887 776 0 
769 885 371 0 
769 842 205 0 
769 805 603 0 
770 968 658 0 
770 912 310 0 
771 981 457 0 
775 931 735 0 
776 871 198 0 
776 791 779 0 
777 879 287 0 
777 863 635 0 
778 920 639 0 
779 882 378 0 
779 857 484 0 
780 896 585 0 
781 824 489 0 
782 999 819 0 
782 998 774 0 
782 815 838 0 
784 976 116 0 
784 877 426 0 
785 798 1065 0 
786 844 577 0 
787 995 158 0 
787 791 699 0 
789 882 733 0 
790 923 458 0 
790 867 408 0 
791 972 288 0 
793 961 162 0 
793 805 264 0 
796 851 308 0 
799 943 887 0 
803 960 137 0 
803 852 404 0 
805 932 423 0 
806 919 850 0 
806 883 152 0 
808 985 460 0 
810 926 137 0 
812 876 592 0 
813 918 495 0 
814 836 407 0 
816 844 677 0 
818 966 417 0 
818 932 468 0 
820 909 540 0 
821 826 277 0 
822 945 718 0 
822 935 1040 0 
822 829 738 0 
823 994 617 0 
823 989 567 0 
823 920 660 0 
826 872 317 0 
828 879 221 0 
829 945 179 0 
829 845 594 0 
831 987 1244 0 
833 903 480 0 
834 930 710 0 
836 948 867 0 
836 904 394 0 
836 868 296 0 
838 874 685 0 
840 898 580 0 
840 864 262 0 
842 993 995 0 
842 949 283 0 
843 980 196 0 
844 895 529 0 
846 963 785 0 
846 906 705 0 
848 862 574 0 
848 861 903 0 
849 887 246 0 
850 978 680 0 
851 873 425 0 
852 942 515 0 
853 871 607 0 
855 998 687 0 
855 992 562 0 
855 953 536 0 
857 874 364 0 
859 979 389 0 
859 971 556 0 
859 956 897 0 
860 997 801 0 
860 890 577 0 
861 994 792 0 
863 939 454 0 
863 923 483 0 
863 914 450 0 
865 942 522 0 
865 890 320 0 
870 880 206 0 
872 972 370 0 
879 884 188 0 
881 961 461 0 
881 917 330 0 
882 956 244 0 
884 896 641 0 
886 945 317 0 
887 984 29 0 
887 902 1118 0 
888 926 578 0 
891 921 910 0 
892 963 446 0 
895 928 204 0 
898 979 859 0 
899 919 879 0 
899 903 517 0 
901 903 315 0 
902 944 1067 0 
906 958 397 0 
906 955 658 0 
906 931 625 0 
908 978 160 0 
910 995 656 0 
910 940 513 0 
912 943 665 0 
913 981 701 0 
914 976 701 0 
920 956 357 0 
921 943 903 0 
922 997 571 0 
922 987 324 0 
923 972 566 0 
924 947 605 0 
928 968 638 0 
931 963 402 0 
944 959 467 0 
947 980 704 0 
958 984 646 0 
962 978 474 0 
970 996 35 0 
971 972 306 0 
975 989 255 0 
975 985 583 0 