0 87 37 0 
1 82 94 0 
1 76 76 0 
1 41 71 0 
1 36 87 0 
1 35 94 0 
2 82 63 0 
2 66 57 0 
2 52 69 0 
2 51 101 0 
2 36 23 0 
2 28 1 0 
2 19 52 0 
3 98 43 0 
3 78 94 0 
3 77 74 0 
3 24 16 0 
3 6 48 0 
4 79 39 0 
4 72 34 0 
4 68 31 0 
4 43 60 0 
4 30 32 0 
4 25 48 0 
5 89 19 0 
5 80 10 0 
5 68 69 0 
5 56 49 0 
5 45 63 0 
5 42 82 0 
5 40 23 0 
5 35 60 0 
5 20 47 0 
5 14 75 0 
6 74 30 0 
6 21 33 0 
6 13 16 0 
7 72 42 0 
7 69 32 0 
7 64 64 0 
7 63 67 0 
7 58 23 0 
8 84 71 0 
8 63 80 0 
8 46 45 0 
8 12 17 0 
9 86 89 0 
9 84 61 0 
9 83 85 0 
9 55 37 0 
9 21 43 0 
9 17 21 0 
10 96 50 0 
10 44 73 0 
10 12 38 0 
11 82 89 0 
11 60 61 0 
11 17 12 0 
12 44 39 0 
12 33 31 0 
12 20 58 0 
13 88 37 0 
13 76 58 0 
13 52 51 0 
13 49 51 0 
13 41 56 0 
14 92 95 0 
14 80 73 0 
14 76 16 0 
14 54 66 0 
14 28 85 0 
15 80 29 0 
15 56 77 0 
16 81 38 0 
17 76 81 0 
17 52 74 0 
17 50 32 0 
17 43 86 0 
18 98 26 0 
18 86 45 0 
18 27 31 0 
18 20 77 0 
19 92 52 0 
19 50 39 0 
19 39 29 0 
20 91 48 0 
20 77 98 0 
20 70 94 0 
20 66 68 0 
20 55 89 0 
20 33 38 0 
20 25 44 0 
21 51 4 0 
22 74 31 0 
22 39 18 0 
22 31 50 0 
23 72 47 0 
23 56 39 0 
23 43 16 0 
24 89 24 0 
24 71 45 0 
24 46 40 0 
24 40 27 0 
24 31 36 0 
25 81 26 0 
25 78 56 0 
25 69 26 0 
25 44 51 0 
26 89 92 0 
26 70 32 0 
26 68 23 0 
26 47 67 0 
26 41 45 0 
26 38 56 0 
26 36 80 0 
26 34 57 0 
26 33 89 0 
27 67 29 0 
27 49 71 0 
28 78 76 0 
28 75 62 0 
28 70 84 0 
28 47 65 0 
29 68 61 0 
29 48 46 0 
30 87 36 0 
30 82 94 0 
30 40 83 0 
31 97 54 0 
31 39 37 0 
31 33 27 0 
31 32 17 0 
32 86 70 0 
32 80 53 0 
32 72 56 0 
33 65 40 0 
34 89 76 0 
34 84 56 0 
34 61 48 0 
34 60 51 0 
34 48 56 0 
35 99 23 0 
35 95 67 0 
35 86 39 0 
35 60 40 0 
35 43 11 0 
36 63 67 0 
36 60 9 0 
36 40 13 0 
37 89 67 0 
37 54 66 0 
38 88 45 0 
38 51 75 0 
38 39 67 0 
39 94 24 0 
39 55 43 0 
40 80 28 0 
40 43 27 0 
41 98 66 0 
41 76 14 0 
41 68 22 0 
41 56 26 0 
42 73 79 0 
43 86 42 0 
43 82 22 0 
43 64 63 0 
44 97 28 0 
44 46 67 0 
45 95 14 0 
45 90 49 0 
45 87 17 0 
45 85 25 0 
45 59 57 0 
45 48 57 0 
46 51 87 0 
46 48 27 0 
47 91 64 0 
48 93 67 0 
48 88 14 0 
49 95 46 0 
49 91 51 0 
49 75 68 0 
49 69 40 0 
49 66 30 0 
49 57 52 0 
49 56 53 0 
49 55 44 0 
50 86 84 0 
50 84 63 0 
50 61 55 0 
50 53 78 0 
51 96 45 0 
51 71 65 0 
51 55 25 0 
52 94 42 0 
53 83 29 0 
53 69 60 0 
54 91 51 0 
54 74 31 0 
54 67 39 0 
55 93 31 0 
55 80 39 0 
55 75 56 0 
55 61 20 0 
55 58 23 0 
56 99 40 0 
56 97 13 0 
56 63 26 0 
56 60 36 0 
57 96 49 0 
57 92 84 0 
57 89 40 0 
57 67 83 0 
57 61 74 0 
58 74 40 0 
58 63 54 0 
59 77 58 0 
60 81 32 0 
60 69 33 0 
60 65 13 0 
62 85 32 0 
62 70 28 0 
64 87 71 0 
66 99 52 0 
66 79 16 0 
66 78 57 0 
67 92 55 0 
67 91 69 0 
67 77 27 0 
67 74 24 0 
69 95 25 0 
70 74 63 0 
70 72 18 0 
73 82 35 0 
73 74 70 0 
74 95 23 0 
74 76 76 0 
75 81 46 0 
77 90 57 0 
78 86 18 0 
78 85 60 0 
80 99 56 0 
82 93 66 0 
82 91 29 0 
83 92 85 0 
84 87 17 0 
86 89 87 0 
87 97 21 0 
87 96 29 0 
89 90 35 0 