0 467 187 0 
0 435 235 0 
0 384 319 0 
0 242 134 0 
0 95 346 0 
0 34 179 0 
1 465 361 0 
1 404 257 0 
1 294 390 0 
1 256 480 0 
1 92 452 0 
1 83 180 0 
2 440 277 0 
2 427 110 0 
2 361 329 0 
2 353 328 0 
2 210 157 0 
2 203 367 0 
2 162 211 0 
2 67 204 0 
3 297 234 0 
3 258 264 0 
3 170 300 0 
3 73 316 0 
3 17 330 0 
4 425 325 0 
4 136 154 0 
4 87 323 0 
5 482 153 0 
5 318 297 0 
5 275 195 0 
5 47 121 0 
6 183 351 0 
7 455 522 0 
7 277 441 0 
7 260 253 0 
7 172 384 0 
7 85 372 0 
8 391 31 0 
8 385 383 0 
8 312 66 0 
8 226 304 0 
8 225 351 0 
8 111 483 0 
9 369 490 0 
9 66 419 0 
9 35 234 0 
10 470 276 0 
10 430 135 0 
10 341 216 0 
10 326 84 0 
10 246 119 0 
10 195 91 0 
10 104 267 0 
10 24 303 0 
11 281 328 0 
11 189 117 0 
11 141 158 0 
12 497 339 0 
12 428 271 0 
12 420 335 0 
12 193 476 0 
12 180 148 0 
13 350 387 0 
13 332 305 0 
13 324 301 0 
13 119 41 0 
13 90 161 0 
14 483 97 0 
14 321 308 0 
14 251 183 0 
14 195 109 0 
14 172 140 0 
14 150 272 0 
14 57 339 0 
14 45 69 0 
15 479 258 0 
15 54 99 0 
15 24 111 0 
16 421 289 0 
16 353 360 0 
16 240 237 0 
17 444 294 0 
17 388 41 0 
17 209 111 0 
17 174 317 0 
18 266 253 0 
18 181 181 0 
19 496 156 0 
19 367 233 0 
19 311 352 0 
19 299 460 0 
19 285 461 0 
19 252 479 0 
19 130 417 0 
19 86 383 0 
19 30 128 0 
20 162 431 0 
20 143 251 0 
21 449 229 0 
21 387 205 0 
21 246 208 0 
21 120 112 0 
21 70 298 0 
22 452 344 0 
22 201 478 0 
22 82 221 0 
23 401 241 0 
23 234 202 0 
23 135 165 0 
23 26 392 0 
24 376 307 0 
24 327 416 0 
25 388 136 0 
25 383 91 0 
25 382 288 0 
25 307 304 0 
26 415 169 0 
26 396 211 0 
26 387 488 0 
26 330 152 0 
26 320 194 0 
26 216 306 0 
26 98 253 0 
26 48 212 0 
27 422 304 0 
27 274 239 0 
27 226 121 0 
27 208 170 0 
27 165 357 0 
28 347 274 0 
28 299 163 0 
28 255 163 0 
29 383 307 0 
29 208 300 0 
29 101 362 0 
29 31 143 0 
30 459 356 0 
30 420 392 0 
30 341 303 0 
30 336 342 0 
30 285 345 0 
30 132 238 0 
30 120 216 0 
31 452 196 0 
31 432 422 0 
31 352 547 0 
31 218 234 0 
31 171 338 0 
31 169 183 0 
31 150 194 0 
31 74 424 0 
32 447 297 0 
32 396 286 0 
32 306 214 0 
32 230 439 0 
32 193 528 0 
32 92 369 0 
32 77 251 0 
32 35 100 0 
33 286 373 0 
34 384 459 0 
34 335 391 0 
34 81 218 0 
35 471 354 0 
35 454 299 0 
35 233 182 0 
35 97 236 0 
35 78 273 0 
36 486 401 0 
36 374 323 0 
36 212 386 0 
36 114 392 0 
37 438 268 0 
37 352 317 0 
37 320 45 0 
37 292 287 0 
37 203 308 0 
37 135 210 0 
37 44 370 0 
38 396 79 0 
38 394 157 0 
38 158 299 0 
38 79 156 0 
38 59 118 0 
38 46 364 0 
39 487 309 0 
39 482 173 0 
39 400 147 0 
39 336 193 0 
39 161 173 0 
39 128 354 0 
39 63 238 0 
40 459 45 0 
40 396 199 0 
40 161 258 0 
40 50 497 0 
40 45 269 0 
41 438 141 0 
41 256 311 0 
41 175 196 0 
41 46 434 0 
42 317 145 0 
42 237 313 0 
42 190 280 0 
42 176 141 0 
42 86 373 0 
42 81 166 0 
43 409 74 0 
43 365 264 0 
43 300 187 0 
43 128 197 0 
43 90 95 0 
43 68 290 0 
44 489 358 0 
44 484 532 0 
44 463 430 0 
44 349 213 0 
44 328 468 0 
44 267 457 0 
44 244 266 0 
44 192 253 0 
45 301 66 0 
45 169 177 0 
46 364 294 0 
46 339 490 0 
46 203 531 0 
46 119 346 0 
47 411 260 0 
47 181 202 0 
47 179 78 0 
47 166 100 0 
47 111 253 0 
48 314 372 0 
48 212 159 0 
48 209 140 0 
48 89 118 0 
49 350 298 0 
49 284 299 0 
49 73 176 0 
50 484 490 0 
50 357 381 0 
50 351 53 0 
50 129 572 0 
51 426 146 0 
51 339 266 0 
51 219 274 0 
52 480 269 0 
52 440 412 0 
52 282 283 0 
52 60 429 0 
53 489 409 0 
53 484 220 0 
53 454 309 0 
53 285 108 0 
53 262 297 0 
53 223 475 0 
53 64 473 0 
54 442 209 0 
54 441 299 0 
54 364 313 0 
54 158 333 0 
55 490 169 0 
55 484 277 0 
55 466 272 0 
55 403 172 0 
55 337 145 0 
55 306 244 0 
55 271 36 0 
55 116 296 0 
55 108 256 0 
56 257 400 0 
57 374 365 0 
57 345 338 0 
57 291 316 0 
57 239 308 0 
57 206 194 0 
57 200 90 0 
58 346 39 0 
58 257 239 0 
58 200 175 0 
58 126 345 0 
59 345 189 0 
60 478 343 0 
60 436 109 0 
60 419 250 0 
60 318 461 0 
60 284 332 0 
60 76 87 0 
61 365 271 0 
61 291 359 0 
61 143 301 0 
62 372 243 0 
62 179 132 0 
62 78 191 0 
62 64 275 0 
63 445 279 0 
63 364 378 0 
63 362 324 0 
63 112 305 0 
63 101 351 0 
63 75 361 0 
64 340 236 0 
64 203 172 0 
65 352 380 0 
65 291 280 0 
65 109 362 0 
66 487 500 0 
66 331 66 0 
66 197 201 0 
66 71 288 0 
67 478 127 0 
67 437 273 0 
67 400 85 0 
67 358 205 0 
67 315 287 0 
67 159 72 0 
68 460 472 0 
68 448 447 0 
68 365 237 0 
68 354 386 0 
68 293 243 0 
68 119 388 0 
69 482 127 0 
69 236 171 0 
70 395 335 0 
70 326 256 0 
70 314 415 0 
70 283 205 0 
70 181 376 0 
71 476 171 0 
71 432 226 0 
72 371 206 0 
72 356 137 0 
72 324 256 0 
72 291 399 0 
72 179 195 0 
72 176 279 0 
72 169 236 0 
72 148 98 0 
73 451 352 0 
73 391 487 0 
73 317 374 0 
73 302 104 0 
73 254 151 0 
73 246 250 0 
73 170 406 0 
74 482 169 0 
74 408 106 0 
74 345 367 0 
74 303 302 0 
74 280 139 0 
74 223 65 0 
74 198 405 0 
74 159 362 0 
75 418 408 0 
75 416 383 0 
76 471 321 0 
76 268 307 0 
76 149 135 0 
77 475 294 0 
77 216 151 0 
77 147 273 0 
77 123 314 0 
77 114 130 0 
77 101 169 0 
78 474 316 0 
78 367 242 0 
78 356 66 0 
78 264 244 0 
78 260 241 0 
78 155 272 0 
79 474 54 0 
79 402 282 0 
79 341 453 0 
79 310 206 0 
79 262 293 0 
79 157 108 0 
79 130 310 0 
80 281 233 0 
80 235 178 0 
80 192 163 0 
80 129 232 0 
80 90 93 0 
81 354 271 0 
82 466 384 0 
82 456 132 0 
82 389 394 0 
82 293 186 0 
82 182 263 0 
83 459 186 0 
83 448 381 0 
83 407 332 0 
83 398 374 0 
83 360 295 0 
83 359 109 0 
83 262 63 0 
84 465 133 0 
84 369 284 0 
84 345 392 0 
84 271 315 0 
85 280 388 0 
85 197 350 0 
86 445 224 0 
86 425 81 0 
86 327 270 0 
86 273 338 0 
86 272 478 0 
86 251 426 0 
86 240 245 0 
86 205 467 0 
86 144 375 0 
87 409 211 0 
87 270 328 0 
87 221 186 0 
88 399 429 0 
88 253 447 0 
88 239 66 0 
88 226 201 0 
88 167 228 0 
89 444 160 0 
89 393 346 0 
89 351 138 0 
89 181 330 0 
89 114 268 0 
90 124 14 0 
91 289 126 0 
91 209 188 0 
92 222 361 0 
93 443 111 0 
93 416 451 0 
94 420 342 0 
94 408 167 0 
94 354 63 0 
94 353 293 0 
94 213 316 0 
94 189 327 0 
94 146 140 0 
94 130 283 0 
94 120 176 0 
95 243 462 0 
95 192 384 0 
96 482 295 0 
96 341 472 0 
96 243 521 0 
96 206 430 0 
96 111 461 0 
97 406 151 0 
97 285 186 0 
97 172 266 0 
97 126 127 0 
98 408 248 0 
98 358 105 0 
98 347 297 0 
98 327 180 0 
98 181 165 0 
99 365 418 0 
99 355 366 0 
99 305 107 0 
99 299 215 0 
100 418 470 0 
100 394 388 0 
100 375 272 0 
100 372 470 0 
100 254 237 0 
100 213 67 0 
100 146 440 0 
100 110 182 0 
101 390 241 0 
101 348 284 0 
101 251 276 0 
101 171 199 0 
102 424 429 0 
102 363 125 0 
103 383 240 0 
104 291 127 0 
104 238 116 0 
104 192 343 0 
105 174 247 0 
106 373 482 0 
106 232 94 0 
106 221 251 0 
107 436 281 0 
107 333 257 0 
107 324 163 0 
107 232 348 0 
107 173 159 0 
108 428 419 0 
109 450 290 0 
109 144 307 0 
110 428 273 0 
110 272 427 0 
111 212 102 0 
111 151 391 0 
111 134 252 0 
112 457 262 0 
112 436 155 0 
112 416 313 0 
112 396 164 0 
112 289 256 0 
112 281 99 0 
112 167 140 0 
112 151 141 0 
113 465 505 0 
113 383 235 0 
113 200 468 0 
114 378 172 0 
114 276 118 0 
115 270 178 0 
115 253 509 0 
115 198 140 0 
116 421 392 0 
116 357 102 0 
116 341 14 0 
116 305 366 0 
116 245 326 0 
117 459 287 0 
117 346 91 0 
117 302 105 0 
118 446 167 0 
118 303 208 0 
118 252 178 0 
118 171 245 0 
119 291 421 0 
119 269 170 0 
119 228 170 0 
119 188 344 0 
120 411 172 0 
120 388 256 0 
120 300 213 0 
120 226 168 0 
120 166 26 0 
120 148 202 0 
121 488 81 0 
121 341 333 0 
121 285 127 0 
121 231 283 0 
121 222 209 0 
122 409 74 0 
122 374 269 0 
122 253 159 0 
122 150 21 0 
123 345 410 0 
123 165 156 0 
123 149 34 0 
123 139 451 0 
124 475 248 0 
124 194 286 0 
125 433 481 0 
125 311 354 0 
125 270 237 0 
125 200 457 0 
126 440 444 0 
126 284 168 0 
126 213 510 0 
127 394 389 0 
127 234 307 0 
127 188 362 0 
128 464 338 0 
128 454 444 0 
128 402 286 0 
128 379 480 0 
128 355 392 0 
128 342 374 0 
128 250 285 0 
128 210 444 0 
128 209 349 0 
128 204 289 0 
129 433 62 0 
129 426 392 0 
129 396 294 0 
129 341 424 0 
129 290 255 0 
129 141 220 0 
130 174 197 0 
131 325 114 0 
131 279 602 0 
131 273 269 0 
131 264 266 0 
131 177 520 0 
131 174 249 0 
131 146 267 0 
132 456 88 0 
132 424 374 0 
132 403 230 0 
132 266 349 0 
132 147 349 0 
133 359 181 0 
133 278 107 0 
133 143 178 0 
134 492 349 0 
134 346 305 0 
134 251 217 0 
134 226 301 0 
135 295 335 0 
135 166 245 0 
136 435 72 0 
136 293 38 0 
136 273 109 0 
136 209 289 0 
136 162 167 0 
137 442 128 0 
137 342 212 0 
137 321 214 0 
137 292 237 0 
138 297 131 0 
139 402 131 0 
139 242 83 0 
140 497 385 0 
140 388 546 0 
140 294 240 0 
140 187 423 0 
141 344 337 0 
141 259 138 0 
141 164 94 0 
141 150 50 0 
142 427 181 0 
142 371 224 0 
142 145 154 0 
143 467 423 0 
143 466 430 0 
143 451 186 0 
143 356 238 0 
143 339 273 0 
144 493 118 0 
144 405 130 0 
144 332 403 0 
144 269 164 0 
145 423 324 0 
145 391 354 0 
145 246 113 0 
146 468 335 0 
146 349 105 0 
147 465 200 0 
147 254 294 0 
147 248 62 0 
147 241 43 0 
147 204 252 0 
148 291 332 0 
149 439 397 0 
149 424 294 0 
149 422 472 0 
149 320 295 0 
149 277 439 0 
150 464 177 0 
150 409 60 0 
150 365 169 0 
151 417 193 0 
151 388 188 0 
152 209 48 0 
153 448 303 0 
153 313 478 0 
153 166 267 0 
154 475 450 0 
154 305 140 0 
154 188 216 0 
155 471 172 0 
155 426 335 0 
155 404 187 0 
155 219 82 0 
156 460 508 0 
156 439 306 0 
156 437 527 0 
156 375 163 0 
156 338 411 0 
157 433 415 0 
157 214 150 0 
157 195 250 0 
158 435 130 0 
158 217 305 0 
159 462 318 0 
159 426 341 0 
159 371 441 0 
159 280 386 0 
159 246 354 0 
160 439 287 0 
160 246 206 0 
160 202 278 0 
161 473 91 0 
161 457 323 0 
161 405 248 0 
161 269 63 0 
162 404 250 0 
162 374 351 0 
162 239 365 0 
162 163 232 0 
163 407 196 0 
163 386 139 0 
163 356 199 0 
163 310 204 0 
163 249 107 0 
164 467 447 0 
164 459 146 0 
164 327 78 0 
164 281 328 0 
165 490 431 0 
165 270 434 0 
165 231 95 0 
166 362 228 0 
166 311 214 0 
166 289 264 0 
166 216 60 0 
167 410 82 0 
167 355 129 0 
167 276 256 0 
168 484 141 0 
168 274 339 0 
168 269 134 0 
168 220 357 0 
168 173 228 0 
169 437 246 0 
169 361 241 0 
169 213 249 0 
170 496 175 0 
170 332 324 0 
170 238 138 0 
171 320 164 0 
171 283 273 0 
171 275 173 0 
172 337 177 0 
172 189 422 0 
173 430 394 0 
173 361 139 0 
173 313 171 0 
173 234 297 0 
173 214 279 0 
174 475 216 0 
174 452 113 0 
174 342 356 0 
175 308 468 0 
176 429 210 0 
176 424 355 0 
176 371 369 0 
176 281 331 0 
176 248 77 0 
177 422 338 0 
177 381 271 0 
177 369 443 0 
177 221 83 0 
177 207 320 0 
178 434 152 0 
178 431 171 0 
178 416 173 0 
178 352 305 0 
178 316 337 0 
178 203 310 0 
178 196 245 0 
179 485 297 0 
179 440 195 0 
179 278 69 0 
180 358 79 0 
180 329 122 0 
180 272 279 0 
181 458 288 0 
181 342 398 0 
182 416 316 0 
182 380 180 0 
182 356 117 0 
182 292 291 0 
183 369 417 0 
183 358 230 0 
183 271 205 0 
184 409 369 0 
184 261 299 0 
184 212 331 0 
184 191 24 0 
185 482 211 0 
185 449 61 0 
185 447 402 0 
186 490 202 0 
186 418 118 0 
186 404 194 0 
186 398 113 0 
187 473 155 0 
187 441 141 0 
188 429 107 0 
188 363 189 0 
188 293 105 0 
188 263 135 0 
188 256 244 0 
188 201 302 0 
189 455 424 0 
189 282 211 0 
190 493 408 0 
190 311 144 0 
190 289 120 0 
192 475 309 0 
192 325 332 0 
192 213 206 0 
193 254 418 0 
193 227 445 0 
194 386 274 0 
196 435 393 0 
196 397 463 0 
196 371 180 0 
196 362 99 0 
196 264 373 0 
196 221 332 0 
196 211 131 0 
197 467 187 0 
197 260 232 0 
198 472 97 0 
198 327 353 0 
198 255 366 0 
199 328 410 0 
199 326 184 0 
199 315 396 0 
200 429 350 0 
200 395 421 0 
200 375 320 0 
201 482 180 0 
201 409 227 0 
201 339 521 0 
201 255 221 0 
202 306 407 0 
202 292 375 0 
203 394 344 0 
203 376 169 0 
204 477 119 0 
204 475 278 0 
204 392 75 0 
204 326 116 0 
204 242 157 0 
204 210 155 0 
205 381 394 0 
205 372 302 0 
206 402 406 0 
206 291 192 0 
207 475 193 0 
207 452 95 0 
207 388 360 0 
207 303 222 0 
208 370 277 0 
208 357 122 0 
209 483 119 0 
209 341 239 0 
209 214 400 0 
210 395 298 0 
210 380 176 0 
210 311 180 0 
211 367 153 0 
211 351 232 0 
211 338 74 0 
211 264 266 0 
211 250 216 0 
211 220 339 0 
212 423 274 0 
212 397 255 0 
212 350 333 0 
212 313 370 0 
212 304 346 0 
212 215 402 0 
213 397 261 0 
213 364 40 0 
214 467 376 0 
214 418 113 0 
214 285 144 0 
216 260 70 0 
217 338 429 0 
218 496 242 0 
218 246 172 0 
219 440 479 0 
219 422 440 0 
219 332 495 0 
220 477 447 0 
220 379 436 0 
220 307 383 0 
221 416 406 0 
221 408 166 0 
221 371 223 0 
221 352 343 0 
221 327 202 0 
222 231 170 0 
223 494 192 0 
223 276 445 0 
224 289 10 0 
225 429 278 0 
225 274 437 0 
225 241 154 0 
226 341 214 0 
227 435 281 0 
227 266 429 0 
227 230 274 0 
228 463 266 0 
228 453 198 0 
229 438 388 0 
229 415 211 0 
229 406 197 0 
229 358 263 0 
230 313 275 0 
230 297 120 0 
231 481 11 0 
231 463 416 0 
231 388 354 0 
231 368 184 0 
231 273 268 0 
231 233 411 0 
232 380 348 0 
232 350 254 0 
232 310 46 0 
233 269 370 0 
234 459 181 0 
234 318 156 0 
234 291 253 0 
234 289 266 0 
235 491 345 0 
235 467 376 0 
236 480 160 0 
236 278 59 0 
236 255 269 0 
237 497 455 0 
237 305 369 0 
238 486 179 0 
238 379 528 0 
239 423 275 0 
239 422 175 0 
239 352 174 0 
240 375 315 0 
240 286 291 0 
241 493 316 0 
241 404 206 0 
241 314 101 0 
241 303 326 0 
242 409 303 0 
242 326 212 0 
242 303 179 0 
242 286 121 0 
243 471 358 0 
243 407 546 0 
243 398 607 0 
244 453 271 0 
244 450 290 0 
244 297 230 0 
244 268 317 0 
245 485 351 0 
245 360 185 0 
245 327 322 0 
246 492 43 0 
246 438 113 0 
246 388 116 0 
246 351 133 0 
246 252 291 0 
247 288 93 0 
247 253 197 0 
248 484 115 0 
248 302 283 0 
248 292 320 0 
248 270 243 0 
249 336 181 0 
249 274 196 0 
250 375 102 0 
250 311 213 0 
250 302 116 0 
250 297 370 0 
251 443 249 0 
251 304 125 0 
251 298 285 0 
252 415 223 0 
252 384 286 0 
252 307 458 0 
253 454 39 0 
254 340 273 0 
255 436 77 0 
256 330 27 0 
256 326 192 0 
256 310 127 0 
256 258 254 0 
257 293 302 0 
258 473 113 0 
258 271 143 0 
259 270 260 0 
260 472 132 0 
260 392 191 0 
260 303 155 0 
261 454 120 0 
261 328 134 0 
262 377 211 0 
263 486 122 0 
263 421 324 0 
263 326 126 0 
263 266 224 0 
264 382 118 0 
264 317 257 0 
265 438 65 0 
267 428 416 0 
267 286 388 0 
268 427 308 0 
268 426 302 0 
268 421 422 0 
269 380 104 0 
270 451 54 0 
270 368 268 0 
270 279 404 0 
271 408 215 0 
271 389 245 0 
272 283 39 0 
273 490 186 0 
273 417 174 0 
274 435 339 0 
274 406 331 0 
274 377 289 0 
275 447 128 0 
275 355 113 0 
275 341 217 0 
277 406 387 0 
277 338 176 0 
277 322 395 0 
278 462 174 0 
278 402 93 0 
279 442 337 0 
280 426 68 0 
281 288 279 0 
282 482 89 0 
282 443 238 0 
282 319 279 0 
283 490 54 0 
283 441 389 0 
283 333 316 0 
284 298 394 0 
285 400 76 0 
285 389 243 0 
286 494 206 0 
286 492 148 0 
286 486 327 0 
286 441 211 0 
286 369 438 0 
286 321 414 0 
287 368 100 0 
287 346 40 0 
287 306 160 0 
288 426 245 0 
288 361 243 0 
288 344 333 0 
288 323 216 0 
289 304 321 0 
290 367 133 0 
290 354 174 0 
291 469 307 0 
291 419 458 0 
291 370 343 0 
293 438 272 0 
293 316 262 0 
294 376 269 0 
294 309 320 0 
295 496 184 0 
295 471 326 0 
295 419 92 0 
295 320 190 0 
296 484 276 0 
296 324 34 0 
297 439 375 0 
297 433 272 0 
297 429 107 0 
297 351 427 0 
297 334 376 0 
297 322 538 0 
297 299 161 0 
300 450 269 0 
302 488 263 0 
302 434 357 0 
302 419 137 0 
302 415 194 0 
303 493 219 0 
303 442 211 0 
303 393 192 0 
303 363 145 0 
304 465 284 0 
304 401 67 0 
304 397 343 0 
305 395 192 0 
306 464 111 0 
306 425 47 0 
306 391 482 0 
306 337 377 0 
307 458 266 0 
307 420 237 0 
307 368 118 0 
308 442 99 0 
309 434 306 0 
309 407 480 0 
310 352 131 0 
310 332 175 0 
311 374 301 0 
312 461 357 0 
312 452 307 0 
313 479 145 0 
313 319 288 0 
314 434 180 0 
316 386 248 0 
318 433 421 0 
318 321 279 0 
319 468 201 0 
320 403 190 0 
321 495 381 0 
321 473 250 0 
321 343 256 0 
322 487 20 0 
322 464 203 0 
322 439 382 0 
322 416 588 0 
322 325 526 0 
323 361 319 0 
324 489 220 0 
324 488 66 0 
325 400 179 0 
325 381 224 0 
325 335 335 0 
326 441 226 0 
326 358 33 0 
326 356 156 0 
327 428 207 0 
327 385 424 0 
328 389 49 0 
328 365 61 0 
329 492 104 0 
330 430 241 0 
331 485 471 0 
331 469 266 0 
333 401 213 0 
334 376 86 0 
335 491 313 0 
335 469 108 0 
335 388 352 0 
336 342 390 0 
337 392 271 0 
339 358 260 0 
340 478 140 0 
341 447 135 0 
343 355 139 0 
345 498 207 0 
345 473 160 0 
345 366 358 0 
346 377 225 0 
347 496 44 0 
347 379 392 0 
347 375 219 0 
348 380 175 0 
351 479 378 0 
351 432 361 0 
351 388 59 0 
352 413 181 0 
352 361 607 0 
353 390 208 0 
354 455 141 0 
354 387 382 0 
355 477 157 0 
356 478 233 0 
356 451 248 0 
356 409 114 0 
357 413 256 0 
358 374 178 0 
358 370 152 0 
359 455 297 0 
359 453 380 0 
359 446 60 0 
360 368 142 0 
362 484 396 0 
362 421 87 0 
364 466 120 0 
366 467 529 0 
367 445 99 0 
367 431 192 0 
367 416 270 0 
367 379 289 0 
368 453 76 0 
368 374 315 0 
369 428 479 0 
369 420 333 0 
369 395 400 0 
370 392 272 0 
371 389 374 0 
372 414 252 0 
372 408 481 0 
373 382 132 0 
374 390 36 0 
375 464 104 0 
375 458 249 0 
375 457 411 0 
375 404 207 0 
376 444 162 0 
376 395 168 0 
377 471 182 0 
377 467 336 0 
378 427 433 0 
379 494 107 0 
379 391 537 0 
382 476 205 0 
382 416 309 0 
383 452 311 0 
385 499 481 0 
387 494 299 0 
387 399 155 0 
388 491 94 0 
388 437 392 0 
389 481 138 0 
389 417 362 0 
390 491 157 0 
390 482 291 0 
390 422 274 0 
390 412 237 0 
391 432 564 0 
392 494 112 0 
393 481 501 0 
393 412 266 0 
394 421 234 0 
397 494 234 0 
397 409 151 0 
398 467 342 0 
398 402 366 0 
398 401 223 0 
400 472 183 0 
401 456 199 0 
402 407 280 0 
403 435 345 0 
403 427 362 0 
404 457 247 0 
407 459 292 0 
408 468 371 0 
414 429 201 0 
418 428 549 0 
419 420 376 0 
420 476 271 0 
420 424 340 0 
421 498 368 0 
423 433 114 0 
424 453 75 0 
426 477 60 0 
431 443 235 0 
432 490 416 0 
432 460 556 0 
435 445 167 0 
439 489 276 0 
439 445 185 0 
442 491 267 0 
445 483 196 0 
446 468 152 0 
447 462 468 0 
450 474 302 0 
453 490 194 0 
455 478 383 0 
455 456 453 0 
459 489 301 0 
461 466 129 0 
462 471 300 0 
462 469 258 0 
463 490 272 0 
463 470 24 0 
474 488 79 0 
477 486 337 0 
485 486 362 0 
487 490 446 0 
496 497 225 0 