0 23 48 0 
0 9 29 0 
0 6 20 0 
0 5 23 0 
0 2 22 0 
1 46 32 0 
1 36 17 0 
1 13 23 0 
1 9 7 0 
1 6 39 0 
1 3 34 0 
2 44 13 0 
2 43 8 0 
2 36 23 0 
2 34 19 0 
2 23 30 0 
3 41 32 0 
3 26 28 0 
3 12 27 0 
4 23 32 0 
4 20 21 0 
4 15 17 0 
5 45 18 0 
5 34 32 0 
5 20 47 0 
5 13 21 0 
6 48 36 0 
6 44 13 0 
6 42 40 0 
6 23 33 0 
7 40 21 0 
7 39 25 0 
7 35 24 0 
7 32 29 0 
7 30 27 0 
7 19 23 0 
7 17 22 0 
7 15 19 0 
8 49 2 0 
8 48 36 0 
8 45 22 0 
8 29 36 0 
8 25 29 0 
8 22 19 0 
8 20 17 0 
8 17 43 0 
8 16 24 0 
9 35 42 0 
10 34 34 0 
10 15 10 0 
10 13 27 0 
11 43 49 0 
11 41 9 0 
11 30 16 0 
11 29 5 0 
11 25 10 0 
11 18 48 0 
11 12 37 0 
12 49 17 0 
12 38 19 0 
12 24 14 0 
12 21 42 0 
12 13 33 0 
13 34 18 0 
13 32 27 0 
13 24 25 0 
13 19 25 0 
13 16 9 0 
13 14 28 0 
14 49 34 0 
14 44 26 0 
14 40 9 0 
14 35 40 0 
14 24 35 0 
14 23 29 0 
15 49 24 0 
15 27 43 0 
15 25 41 0 
15 19 29 0 
16 41 19 0 
16 27 30 0 
18 43 7 0 
18 41 40 0 
18 27 31 0 
18 22 29 0 
19 43 35 0 
20 45 33 0 
20 42 51 0 
20 23 38 0 
21 32 39 0 
21 24 39 0 
22 38 11 0 
23 39 20 0 
23 31 28 0 
24 40 29 0 
25 41 7 0 
25 40 4 0 
25 28 34 0 
26 44 21 0 
26 39 26 0 
26 38 13 0 
28 37 6 0 
29 38 23 0 
29 37 40 0 
30 38 29 0 
30 37 45 0 
31 38 9 0 
32 46 13 0 
32 42 34 0 
32 41 29 0 
33 41 38 0 
34 48 25 0 
35 48 42 0 
35 41 38 0 
36 47 8 0 
36 45 4 0 
36 41 21 0 
37 42 40 0 
38 48 24 0 
38 40 13 0 
39 47 19 0 
39 41 32 0 
42 43 46 0 
43 46 28 0 
45 47 6 0 