0 56 61 0 
1 98 86 0 
1 92 89 0 
1 43 53 0 
1 33 85 0 
1 15 66 0 
2 96 31 0 
2 79 77 0 
2 43 86 0 
2 34 37 0 
2 25 17 0 
3 80 61 0 
3 79 62 0 
4 83 13 0 
4 61 16 0 
5 91 79 0 
5 89 44 0 
6 83 53 0 
6 71 81 0 
6 55 33 0 
7 54 77 0 
7 21 4 0 
8 28 30 0 
8 16 28 0 
9 80 36 0 
9 64 49 0 
9 54 31 0 
9 44 24 0 
9 27 79 0 
9 19 34 0 
10 22 64 0 
11 31 62 0 
11 12 101 0 
12 90 69 0 
12 65 95 0 
12 60 64 0 
12 33 12 0 
13 77 83 0 
13 49 48 0 
13 46 102 0 
13 42 63 0 
13 21 70 0 
14 81 71 0 
14 63 35 0 
14 20 56 0 
15 88 58 0 
15 74 62 0 
16 68 77 0 
17 68 111 0 
17 46 102 0 
18 99 7 0 
18 69 37 0 
18 47 38 0 
18 22 103 0 
19 86 65 0 
19 54 23 0 
19 33 48 0 
19 24 55 0 
21 36 41 0 
21 28 38 0 
22 83 94 0 
23 56 36 0 
23 27 41 0 
24 51 20 0 
25 85 29 0 
25 57 68 0 
25 32 69 0 
25 27 65 0 
26 48 18 0 
27 99 41 0 
27 79 38 0 
27 68 19 0 
28 69 14 0 
28 58 57 0 
28 51 34 0 
28 44 28 0 
29 86 32 0 
30 94 68 0 
30 86 53 0 
31 88 107 0 
31 84 40 0 
31 83 51 0 
31 43 42 0 
31 39 59 0 
34 98 60 0 
34 58 47 0 
34 56 51 0 
34 53 44 0 
35 77 45 0 
35 56 45 0 
35 47 38 0 
35 44 34 0 
36 81 48 0 
37 75 70 0 
37 74 101 0 
37 42 47 0 
38 90 31 0 
38 83 15 0 
38 81 79 0 
38 57 33 0 
39 95 31 0 
39 90 51 0 
39 88 84 0 
39 74 87 0 
40 99 80 0 
41 97 40 0 
41 87 36 0 
41 55 48 0 
42 93 78 0 
42 57 13 0 
43 86 96 0 
43 50 89 0 
44 97 89 0 
44 70 26 0 
45 88 63 0 
45 64 49 0 
45 61 11 0 
45 52 13 0 
46 95 49 0 
46 60 50 0 
47 54 28 0 
48 82 21 0 
48 63 66 0 
49 67 41 0 
50 88 6 0 
50 78 100 0 
50 76 87 0 
51 77 70 0 
51 69 20 0 
52 72 23 0 
53 96 47 0 
53 79 48 0 
54 91 90 0 
55 80 23 0 
55 70 30 0 
55 66 50 0 
56 63 45 0 
57 86 95 0 
57 70 43 0 
58 66 27 0 
59 60 57 0 
60 88 59 0 
60 86 52 0 
61 84 43 0 
61 75 83 0 
62 92 33 0 
63 94 70 0 
64 95 52 0 
64 75 29 0 
67 99 35 0 
68 87 32 0 
68 82 62 0 
69 94 37 0 
70 82 31 0 
72 99 23 0 
72 97 59 0 
73 90 59 0 
75 92 82 0 
75 89 73 0 
78 94 100 0 
78 93 101 0 
80 96 30 0 
81 86 37 0 
91 97 63 0 
96 98 14 0 
